27
0.0 21.0 75.0 69.0 10.0 53.0 27.0 72.0 69.0 13.0 13.0 30.0 41.0 44.0 47.0 55.0 34.0 31.0 79.0 42.0 24.0 66.0 90.0 28.0 31.0 34.0 62.0
21.0 0.0 73.0 93.0 23.0 55.0 97.0 82.0 43.0 80.0 36.0 92.0 40.0 53.0 20.0 82.0 49.0 89.0 37.0 74.0 77.0 53.0 91.0 29.0 53.0 97.0 35.0
75.0 73.0 0.0 18.0 23.0 84.0 64.0 76.0 61.0 31.0 49.0 61.0 29.0 21.0 55.0 25.0 71.0 26.0 40.0 87.0 76.0 90.0 28.0 67.0 30.0 66.0 64.0
69.0 93.0 18.0 0.0 44.0 48.0 94.0 39.0 29.0 65.0 47.0 86.0 33.0 14.0 62.0 23.0 53.0 47.0 18.0 92.0 45.0 57.0 13.0 62.0 93.0 84.0 61.0
10.0 23.0 23.0 44.0 0.0 24.0 19.0 92.0 60.0 62.0 43.0 34.0 17.0 38.0 64.0 90.0 65.0 85.0 53.0 80.0 43.0 34.0 23.0 57.0 76.0 16.0 56.0
53.0 55.0 84.0 48.0 24.0 0.0 99.0 30.0 27.0 41.0 95.0 65.0 98.0 16.0 85.0 89.0 39.0 76.0 93.0 92.0 82.0 36.0 49.0 52.0 47.0 14.0 89.0
27.0 97.0 64.0 94.0 19.0 99.0 0.0 86.0 41.0 98.0 94.0 17.0 34.0 51.0 49.0 63.0 91.0 28.0 48.0 44.0 71.0 96.0 40.0 40.0 85.0 72.0 21.0
72.0 82.0 76.0 39.0 92.0 30.0 86.0 0.0 89.0 24.0 20.0 67.0 22.0 99.0 81.0 33.0 61.0 34.0 94.0 95.0 43.0 38.0 70.0 27.0 85.0 84.0 90.0
69.0 43.0 61.0 29.0 60.0 27.0 41.0 89.0 0.0 18.0 57.0 75.0 67.0 96.0 52.0 90.0 40.0 35.0 21.0 66.0 45.0 52.0 22.0 62.0 76.0 29.0 32.0
13.0 80.0 31.0 65.0 62.0 41.0 98.0 24.0 18.0 0.0 73.0 30.0 54.0 68.0 50.0 11.0 40.0 48.0 50.0 65.0 32.0 46.0 72.0 40.0 77.0 31.0 31.0
13.0 36.0 49.0 47.0 43.0 95.0 94.0 20.0 57.0 73.0 0.0 73.0 12.0 18.0 64.0 78.0 96.0 26.0 86.0 56.0 14.0 63.0 43.0 40.0 40.0 48.0 19.0
30.0 92.0 61.0 86.0 34.0 65.0 17.0 67.0 75.0 30.0 73.0 0.0 92.0 79.0 24.0 42.0 54.0 78.0 46.0 85.0 48.0 54.0 46.0 37.0 71.0 42.0 72.0
41.0 40.0 29.0 33.0 17.0 98.0 34.0 22.0 67.0 54.0 12.0 92.0 0.0 18.0 88.0 76.0 51.0 26.0 12.0 14.0 39.0 43.0 32.0 14.0 26.0 81.0 93.0
44.0 53.0 21.0 14.0 38.0 16.0 51.0 99.0 96.0 68.0 18.0 79.0 18.0 0.0 85.0 91.0 81.0 84.0 82.0 88.0 64.0 86.0 61.0 22.0 56.0 64.0 78.0
47.0 20.0 55.0 62.0 64.0 85.0 49.0 81.0 52.0 50.0 64.0 24.0 88.0 85.0 0.0 60.0 73.0 24.0 42.0 43.0 25.0 64.0 15.0 24.0 12.0 27.0 80.0
55.0 82.0 25.0 23.0 90.0 89.0 63.0 33.0 90.0 11.0 78.0 42.0 76.0 91.0 60.0 0.0 93.0 39.0 15.0 84.0 40.0 59.0 82.0 28.0 79.0 58.0 62.0
34.0 49.0 71.0 53.0 65.0 39.0 91.0 61.0 40.0 40.0 96.0 54.0 51.0 81.0 73.0 93.0 0.0 46.0 99.0 83.0 42.0 24.0 91.0 100.0 26.0 57.0 25.0
31.0 89.0 26.0 47.0 85.0 76.0 28.0 34.0 35.0 48.0 26.0 78.0 26.0 84.0 24.0 39.0 46.0 0.0 32.0 36.0 100.0 77.0 37.0 84.0 31.0 65.0 80.0
79.0 37.0 40.0 18.0 53.0 93.0 48.0 94.0 21.0 50.0 86.0 46.0 12.0 82.0 42.0 15.0 99.0 32.0 0.0 43.0 95.0 36.0 48.0 11.0 93.0 29.0 69.0
42.0 74.0 87.0 92.0 80.0 92.0 44.0 95.0 66.0 65.0 56.0 85.0 14.0 88.0 43.0 84.0 83.0 36.0 43.0 0.0 10.0 58.0 34.0 27.0 54.0 32.0 69.0
24.0 77.0 76.0 45.0 43.0 82.0 71.0 43.0 45.0 32.0 14.0 48.0 39.0 64.0 25.0 40.0 42.0 100.0 95.0 10.0 0.0 60.0 28.0 59.0 46.0 90.0 24.0
66.0 53.0 90.0 57.0 34.0 36.0 96.0 38.0 52.0 46.0 63.0 54.0 43.0 86.0 64.0 59.0 24.0 77.0 36.0 58.0 60.0 0.0 42.0 93.0 21.0 72.0 32.0
90.0 91.0 28.0 13.0 23.0 49.0 40.0 70.0 22.0 72.0 43.0 46.0 32.0 61.0 15.0 82.0 91.0 37.0 48.0 34.0 28.0 42.0 0.0 54.0 28.0 83.0 68.0
28.0 29.0 67.0 62.0 57.0 52.0 40.0 27.0 62.0 40.0 40.0 37.0 14.0 22.0 24.0 28.0 100.0 84.0 11.0 27.0 59.0 93.0 54.0 0.0 88.0 13.0 72.0
31.0 53.0 30.0 93.0 76.0 47.0 85.0 85.0 76.0 77.0 40.0 71.0 26.0 56.0 12.0 79.0 26.0 31.0 93.0 54.0 46.0 21.0 28.0 88.0 0.0 64.0 56.0
34.0 97.0 66.0 84.0 16.0 14.0 72.0 84.0 29.0 31.0 48.0 42.0 81.0 64.0 27.0 58.0 57.0 65.0 29.0 32.0 90.0 72.0 83.0 13.0 64.0 0.0 69.0
62.0 35.0 64.0 61.0 56.0 89.0 21.0 90.0 32.0 31.0 19.0 72.0 93.0 78.0 80.0 62.0 25.0 80.0 69.0 69.0 24.0 32.0 68.0 72.0 56.0 69.0 0.0
